0.13424317619511178
0.26636241355685336
0.45934422496938226
0.45963339005886705
0.1309630198890074
0.12263648366252261
0.025893090764114002
0.47716208522232145
0.18689194772321827
0.007746197751889634
0.7208521393711697
0.1285511966776762
0.05503736552370656
0.0655752732217852
0.04023720980766535
0.07183555523769986
0.25135194687475376
0.008353494800182767
0.012345120049561592
0.5798150353393018
0.054680822188316915
0.35081063297693554
0.014656347280681228
0.5473378441695664
0.2933905700161811
0.9280366730136634
0.09524803696724111
0.05075541568743313
0.011575895302284858
0.18952027254351383
0.004370899250345318
0.1605152286109811
0.02329779529295006
0.004425174067166977
0.00307979323391487
0.0073772138766488495
0.0446251985554766
0.010907342690348388
0.45451321914620924
0.0455301755017035
0.33168413516280165
0.2492139624979785
0.005757316986649988
0.08343589554771116
0.28921091961820306
0.06045148529681829
0.7099047016370132
0.42580589540987296
0.8186625870187965
0.012027096481280123
0.21991601441921976
0.8815318969248966
0.08514059703249002
0.9387961552753162
0.07680596639521985
0.14091446817249478
0.12763726272249823
0.07035016381830221
0.0929456911935099
0.32880957824424906
0.057741673282680005
0.01909871113679663
0.2648276955128775
0.9310828078888075
0.09086180376887151
0.57749118504097
0.13741635845473488
0.8636411815505183
0.03154868520901546
0.6173388913160378
0.08538511545377382
0.2920290154649048
0.002600650471417915
0.02243051884616961
0.5044679644617603
0.6234839817265384
0.4227210192056103
0.16855766672643208
0.036744847767449865
0.06114603746802677
0.8054344933440634
0.8977148391538207
0.7020324773207549
0.7563864315542916
0.08250771309579016
0.6947444668438623
0.01718758395444833
0.03536468289092714
0.7269735704638324
0.8463514096733511
0.07520937951728024
0.32355423299605945
0.02425586842664105
0.5929397275638054
0.7544123788443355
0.25019663946386483
0.21321601353197983
0.45238112135875896
0.015451079913203799
0.20277494471872365
0.9999912540338782
0.9999995412273783
0.9999948703205302
0.9999999888765557
0.999362558144338
0.9999996840505304
0.9990772513286968
0.9980168318804608
0.9999956015867753
0.9999962549456798
0.9999782099171829
0.9989369611780903
0.9976280749372175
0.9999931868257822
0.9999999894211459
0.9999835321860876
0.9999973500645192
0.9974446200444148
0.9999765361162515
0.9983602224066791
0.9999073221832189
0.9985734638082093
0.5534056068541655
0.9425438620237212
0.9301969106288986
0.8955276820693272
0.9984309463290689
0.9965172996786168
0.999877116025479
0.9986424009697905
0.9922614300370914
0.9999999159062591
0.8663341124124085
0.9999299715571721
0.9212244873500082
0.9964088688368428
0.9182586116639149
0.9974149106203785
0.8262063419185125
0.9999997207245698
0.9605502631735622
0.999999968570454
0.9999999792768417
0.9999632812009582
0.9795942679691043
0.7282153103580405
0.999850066107226
0.966456360530646
0.9998217970801163
0.999304992303371
0.9999960089007921
0.9933290294159698
0.984468906001833
0.9981149628422443
0.9964387371581824
0.9999976170403094
0.9999999161389898
0.9861893659407511
0.9999602490289651
0.9893314684450025
0.9706457230662835
0.9967929229560037
0.8399032311928113
0.999880625494319
0.999764675791164
0.996201646765443
0.9999976990652272
0.9635967538412833
0.9944819908167479
0.9238552127112383
0.9926337120338944
0.5453860296984682
0.5297541101674078
0.9988711124888437
0.9787562482424792
0.7956197450235509
0.9999499003172289
0.5548263902832368
0.5095799158163268
0.9999738734870894
0.92917360793291
0.9990860839333351
0.9999930781486841
0.9994141854641765
0.9567683250868697
0.924729143823339
0.9985360652525247
0.9997752198835571
0.9999957883741152
0.998979625321342
0.9999443493345685
0.6238772471139347
0.999497400034105
0.9999892853562848
0.9117533237898194
0.9993122746939672
0.9999998391255359
0.9518803708613178
0.9518180046172391
0.999999939840248